# Token IDs of AUTHORING.md (commit dd06d3f): all 3217, from the Llama 3.2 3B tokenizer,
# llama-tokenize --ids --no-bos (llama.cpp build 8660). The lab calibrates on the
# first 1,024 and evaluates on the rest.
2 7030 287 353 25488 279 445 11237 8364 22242 2028 374 279 2363 596 1193
4947 2246 13 1102 41800 922 27219 6931 198 35890 11 5226 11 1742 323 9293
3626 11 902 527 34683 304 1595 16402 14 19154 19999 433 1234 220 18 11
931 4339 25 994 264 6037 374 3779 11 4018 477 11117 2500 13 578 198
41326 3197 374 41618 14452 14 31564 4622 22030 85802 14452 14 31564 4622 22030 1237
5208 374 198 84248 14452 14 21255 22030 85802 14452 14 21255 22030 3677 567 220
16 13 3639 279 2363 374 271 9 25488 279 445 11237 8364 25 578 15264
17005 315 20902 11688 5008 198 644 2251 9 374 279 2363 459 24490 16181 311
3619 3249 1475 6617 198 258 2251 4817 374 5918 279 1648 433 374 11 323
430 27656 5505 439 12823 198 3455 13 578 1646 374 353 21103 287 2956 12
1090 4114 32625 81203 27220 198 652 5824 645 11 1972 6067 439 6029 11 10978
6696 65039 13 578 2363 1587 539 198 668 613 4967 11 323 433 1587 539
312 12 28197 279 63479 304 279 1925 1495 107216 24819 953 362 1587 430 369
13016 889 1390 311 1977 832 382 567 220 17 13 578 35776 25 279 22295
48033 271 11769 4817 11903 43398 3116 59290 5070 2001 3146 17717 34494 334 320 9848
198 95918 824 4037 705 3146 17717 8824 334 320 9848 19504 705 3146 28806 334
320 37 1623 21051 8 323 198 334 5641 2301 334 320 15249 4082 11 892
824 2612 4037 8 2001 369 1403 20124 25 3146 20523 2136 1035 438 3146 16845
334 320 19045 631 25 11460 824 18160 520 264 40370 2218 3677 11769 15105 29933
439 264 2077 311 264 353 2727 40412 9 22295 323 374 11684 198 2000 1148
433 38202 13 9062 12735 9093 10548 1202 17383 449 264 198 334 49157 48033 96618
264 2678 2007 11 4595 295 449 279 1595 18372 61950 1414 4077 24175 11 449
832 2872 824 5211 279 15105 29727 1473 74694 65780 198 59 7413 90 18372 61950
1414 534 10869 34494 612 50631 612 220 19 15615 14661 1373 220 15 13 3487
5943 824 5852 4619 315 220 17 3120 34192 2136 415 612 38202 612 74252 488
38268 26 6767 433 824 1646 3120 59 408 90 18372 61950 1414 534 14196 19884
32 2872 2795 353 20218 1065 12594 353 2203 1438 12594 353 67182 9 320 13724
82 279 88938 18403 8 477 198 9 6091 2857 9 320 2000 58423 705 323
279 5296 2795 555 1268 1790 994 430 374 3967 627 32 12735 6832 15105 8111
311 8493 4400 706 539 1766 1202 2853 3686 382 567 220 18 13 15957 62690
271 11769 12735 706 279 1890 8223 5596 11 304 420 2015 13 11452 826 1253
387 198 52340 3573 60185 88 36399 11460 824 2132 4063 719 279 5596 2011 387
5952 82585 382 16 13 3146 52398 19179 334 2001 264 1972 11 15206 11 53823
79385 1396 11 449 1202 198 256 6642 304 264 19179 3335 13 30982 449 279
25885 627 17 13 3146 45 391 8148 7033 334 2001 279 1203 8838 64625 2853
1646 1603 904 2082 11 1701 198 256 1972 1646 323 12035 5219 13 1115 374
279 1455 8481 481 10151 304 279 198 256 2115 26 88688 433 1475 12735 627
18 13 3146 791 17383 334 2001 14592 11 15107 323 11497 505 1176 16565 627
19 13 3146 791 22295 48033 334 2001 17036 17 627 20 13 3146 11313 433
2678 334 2001 832 10968 11 79779 11 659 96324 10278 320 18332 605 4390 21
13 3146 3923 3604 7077 334 2001 264 1972 1162 505 264 5788 4817 596 198
256 3925 11 28950 5343 320 18332 22 4390 22 13 3146 24284 1291 3821 334
2001 264 30105 11 42211 5296 389 1405 279 15105 374 198 256 14836 11 22126
555 1595 61564 14 10725 10443 16688 22030 63 10925 320 18332 21 4390 23 13
3146 849 48815 334 2001 20212 11 96354 11 8292 323 33032 2461 198 256 5435
11 449 6575 11503 369 279 8036 6305 304 1595 34444 36162 291 14 63438 6531
220 20 11 931 4235 23 11 931 4339 13 362 12735 430 3966 810 374
1403 30732 26 264 12735 198 9210 3966 1790 2753 1253 387 264 3857 315 1202
22686 382 567 220 19 13 29030 271 12 30982 449 279 25885 11 539 279
87151 13 10435 264 46160 7041 1405 198 220 433 4442 1148 279 6742 1288 4510
2001 3131 2001 539 304 1475 14646 627 12 37632 1603 8278 26 5219 1603 45297
26 17383 1603 198 220 26329 13 4076 1972 4211 11 1972 12035 323 1972 21787
627 12 10928 9632 1413 23719 369 8349 26 19290 811 1253 1935 872 892 627
12 2360 330 15124 2603 498 330 677 18785 498 330 4345 498 330 38551 3343
19127 264 4751 1603 39661 389 433 627 12 64546 552 320 26752 5044 11 32906
11 66575 8 1614 1405 814 1464 627 12 9842 4113 61801 13 15281 505 27446
604 18022 596 6070 323 59130 331 4657 596 198 220 1977 4791 72207 2752 5603
26 737 20227 19093 596 61327 382 567 220 20 13 35813 323 6029 271 11769
1396 304 279 2363 374 7041 832 315 1473 12 3146 2727 40412 334 2001 9124
555 264 12715 1629 13 578 1495 5144 279 12035 345 220 1646 323 10484 2065
26 1595 61564 14 48899 1392 14 63 10187 279 3335 25 2457 345 220 5379
477 8026 2373 11 12035 11 10293 3529 5586 11 1646 1052 323 10484 2065 345
220 3290 11 54696 320 41681 323 2612 29416 11 7309 32336 16353 1350 220 86066
323 43589 11 7257 2612 13 1050 35073 4058 1603 18991 264 1396 198 220 4423
775 17303 627 12 3146 51182 334 2001 25157 505 11224 11374 26 1501 279 35884
477 39396 279 198 220 24524 11 323 2567 279 11374 42211 627 12 3146 83718
1413 334 2001 12146 311 4639 26 2019 779 382 32 7315 10165 1253 6920 264
1396 433 706 539 3686 17303 1193 4871 198 63 197 6132 90 48899 25 4696
5658 13 46236 16557 5219 527 353 9727 7174 12594 539 198 48899 1392 25 39396
279 17304 3759 323 1614 279 16437 323 993 71980 279 16557 198 395 19131 382
34192 2136 16599 288 4732 13 362 29531 315 459 4817 430 9124 264 5076 198
9399 374 742 13 24702 1093 449 1093 25 1646 11 10484 2065 11 23351 6037
345 1816 1096 323 79110 13 15037 31370 9678 4732 8772 323 1650 279 198 3107
17303 13 82406 8389 3135 449 872 31178 323 6642 280 64 4745 26329 374 6029
382 567 220 21 13 800 17718 520 279 49100 2001 23911 271 38030 828 706
264 45379 323 45478 11031 2305 311 2305 13 3146 27247 3350 264 198 7096 1291
3802 505 5044 13 334 13538 59000 477 5655 6147 904 12735 304 198 30021 8105
11 17244 11 650 477 30768 2001 323 1603 904 49100 85396 3857 12660 1473 16
13 7694 369 279 1510 1614 315 279 12735 596 12823 11 1243 1373 6156 198
256 8336 25 16064 11 4033 9904 11 2592 2082 520 264 48809 5379 627 17
13 13896 1855 9455 304 1595 61564 14 10725 10443 16688 22030 45722 15105 11 832
8614 198 256 4096 11 6156 2592 449 2723 11 3146 1045 10273 98319 48261 198
256 4712 61564 12594 353 939 6586 304 9 264 7086 4817 477 2027 11 477
353 71864 198 256 5410 9 705 323 2218 12735 627 18 13 356 635 6156
8336 304 279 12735 13 14496 8158 323 21390 29531 8349 198 256 527 11767 11
539 6029 382 67962 29803 323 1646 33483 527 49100 8349 2288 512 12728 1124 2403
279 17304 3759 477 279 1646 596 4756 2242 323 1515 198 49818 13 362 49100
85396 3857 5415 279 2457 433 574 10273 26 37018 198 54719 14491 374 1268 279
2363 27656 1510 382 567 220 22 13 8976 21787 11 323 6385 1677 271 2123
18333 4129 9477 13 13538 28898 1148 459 4817 1587 11 1373 1202 2592 198 266
264 12715 5379 323 49229 279 3802 1473 91 9587 765 49203 9432 91 12730 765
12730 9432 91 12221 765 8640 389 19664 9629 449 1670 6683 9432 91 21626 21709
765 11798 11 4920 264 5292 477 4676 3977 9432 91 31371 40755 765 42022 2082
430 912 1715 1853 25501 9432 91 68343 765 6319 477 27470 11 539 5918 36821
10227 18187 6866 1 1587 539 3152 264 1715 25501 433 13 330 32 1296 16609
1 1587 539 198 14622 264 1646 3070 374 7396 13 362 69917 1587 539 18333
1201 264 18618 304 2592 382 58 21364 1677 9725 2485 1129 5316 916 39007 1677
2192 39007 1677 8 374 279 2363 596 6029 2385 11 539 198 1220 3917 13
11699 907 374 9024 25 264 1972 4817 596 17303 3135 11 2737 198 1820 28950
11 12715 449 5219 304 1202 2955 9477 13 5560 1124 304 198 9 3923 3604
7077 9 14491 11 312 100231 2403 2592 520 264 48809 198 17869 13 15037 34608
6385 1677 374 279 5905 8292 315 264 15105 433 198 3323 47728 26 9616 433
449 348 4178 44 11 328 3910 526 11 27127 5463 12 4178 44 323 94776
7356 505 198 50828 1866 6156 8336 382 567 220 23 13 50895 271 12 7357
24524 5144 1202 18210 11 21483 323 8316 520 1176 1005 13 62410 198 220 21483
555 16250 25 59060 10590 13536 90 54 11281 258 59 10590 6194 90 49 92
48922 67 197 1769 294 15511 59 92650 90 544 3500 32816 627 12 81637 61863
1746 87 3 705 23728 14265 43147 1746 59 10590 13536 46440 32816 705 36295 323
198 220 78187 14265 40582 1746 59 10590 13536 90 54 32816 4390 12 96277 18210
11 1511 279 1890 1648 304 1475 12735 320 24819 953 435 13912 279 198 220
2539 2007 1680 400 43 3 13931 26 400 67 3 1646 2430 26 400 67
15511 59 92650 90 544 3500 3 31042 45 2430 280 220 400 39 9153 55976
400 39 15511 44508 32816 3319 323 1401 58642 14971 26 400 67 1552 3 2010
2430 26 400 53 3 36018 198 220 1404 26 400 33 3 35135 24630 26
400 50 3 2317 3160 304 11460 26 400 47 26101 220 5137 323 400 47
15511 59 92650 90 533 3500 3 4642 5137 26 400 65 3 5943 824 2449
198 220 320 4291 264 99350 25 400 65 1704 3 14661 11 400 65 15511
44508 32816 6636 1237 59060 19674 3 5044 34494 198 220 320 9848 2754 1237 59060
2554 3 16557 12849 320 37 1623 47 2754 1237 400 40 3 35884 21261 198
220 320 37 1623 47 14 3867 570 65814 362 4255 988 420 2007 323 14238
400 53 15511 59 92650 90 87947 3500 3 627 12 36281 389 1475 5027 11
34494 11 892 323 64862 12472 13 19397 374 198 220 400 605 61 24 3
5943 323 15754 33 374 400 17 48922 966 32816 26 7526 29395 11 779 2019
902 627 12 5560 59060 49153 3 369 17989 323 59060 273 3 369 14597 26
22526 1193 369 4839 198 220 26060 45593 11 902 527 11224 3573 64 31370 4235
723 374 1403 435 1623 21051 39709 12 362 1450 22702 430 17482 439 6029 706
459 33256 18327 25 264 198 220 1296 11 459 53841 304 1595 1889 66880 14
7964 477 264 1817 304 1595 20420 47719 9529 2239 7345 63438 567 220 24 13
69356 271 12 17118 73842 57 320 269 17953 69 33897 369 828 705 304 1595
34444 14 99127 23875 609 14611 34444 7964 9277 449 198 220 92505 4674 22804 48106
15523 24232 15523 1530 5658 627 12 12261 279 3245 430 4442 25 16000 7917 11
5044 14564 11 88244 11 1614 198 220 34692 11 264 15485 1074 449 17303 3585
13 2360 46536 15039 26 1475 198 220 18404 706 264 7438 279 17703 477 264
13314 5415 627 12 17013 919 1614 1148 279 6742 1288 24499 323 1405 279 7216
18417 198 220 1694 837 13 2956 31794 2440 1855 1486 353 2727 40412 9 477
353 51182 9 627 12 41962 374 49680 555 9382 11 12912 477 1584 9404 26
1817 78457 627 12 362 7315 10165 5415 264 7216 433 706 539 15107 449 92505
22804 11797 90 12840 433 198 220 5039 323 3249 5658 382 567 220 605 13
41740 271 4959 12735 706 832 10278 304 1595 1889 13631 3518 21987 9944 12 27
15476 18597 45722 264 63045 320 35798 11 1629 345 95444 11 1464 8 323 279
25655 2082 430 5039 279 17383 382 12 3146 12363 96324 13 334 1102 1253 6904
389 1595 1889 14 37511 50725 63 439 264 6875 11 719 433 198 220 2011
539 1397 3515 5918 904 3766 12735 596 10278 627 12 3146 75020 389 264 21288
14266 334 304 922 264 9568 555 1670 13 23501 27103 527 198 220 10309 20300
11 9539 13160 627 12 3146 10493 459 53841 13 334 7357 34440 1853 374 10273
2403 459 9678 345 220 14224 1824 28132 35547 1603 4205 374 26245 627 12 34889
555 1670 26 13325 369 32373 38043 477 18709 323 31794 26 356 1405 264 198
220 10068 19254 374 279 18228 382 32 7315 10165 5415 279 10278 449 92505 30146
11797 90 1981 5658 4619 315 4857 433 382 567 220 806 13 61273 25 58321
1176 11 1243 8149 271 791 1176 14002 8220 1855 12735 311 1620 45129 1603 6041
279 198 3684 323 68941 13 1115 14002 4375 304 16609 927 279 4459 2363 1473
91 10175 765 362 12735 374 1981 765 8266 9432 91 12730 765 12730 765 12730
9432 91 220 16 765 264 1052 449 1202 3857 70552 323 264 832 12 28827
7537 765 328 3472 877 10483 9432 91 220 17 765 220 16 11 2636 4235
18 11 931 4339 25 6332 5811 11 1401 5219 29754 197 6132 90 48899 5658
1405 653 2727 40412 705 7216 323 10278 94615 765 55693 9432 91 220 18 765
2539 3160 449 12678 11 10278 11 23783 11 24884 49100 3821 765 40841 9432 91
220 19 765 55717 11 32654 22690 323 19685 765 30361 28420 36821 6919 961 555
961 11 3744 358 1176 13 18682 268 279 49100 74666 30732 1176 198 28753 814
2457 26731 13 13969 7366 1990 16609 26 656 539 6761 12 1787 832 198 41326
13 30361 28420 7612 264 3477 555 4423 1023 1109 279 59000 8479 280 606 8479
596 11763 16609 527 539 9678 3477 382 3976 12735 11 279 1193 2631 36136 527
279 12735 11 1202 12678 11 1202 10278 345 1220 6575 5435 323 1202 1595 10725
10443 16688 22030 63 10925 13 2360 824 11843 2943 75620 345 27583 19826 11 71554
2315 477 50715 6821 382 567 220 717 13 8012 323 12621 271 74694 47316 198
7072 56185 16313 257 674 6070 11 62690 11 12678 11 6575 5435 11 40377 11917
198 7072 56185 1881 674 2539 11612 449 1630 68 8921 56063 489 45636 25457 489
293 8799 320 56063 11406 340 77012 2082 14 37511 50725 1024 26735 1296 1198 44009
340 14196 19884 63 20420 47719 9529 2239 7345 63 16181 279 12735 1160 505 279
1925 1052 11 12621 198 9210 1475 12735 6866 323 706 279 8223 62690 5596 3131
433 11141 198 50 3472 877 10483 11 430 1475 25819 7216 6866 439 73842 57
11 323 433 6821 279 198 63 197 6132 63 1797 13 1595 7072 56185 63
14865 389 927 9054 15039 11 7554 85377 323 198 359 40847 15407 13 21351 320
29687 5316 36162 39240 2971 72 35036 33981 1101 8640 279 198 37511 50725 7177 11
1202 34889 14 31380 50715 12621 11 323 279 20268 62474 198 50483 13 13969 99013
26 656 539 45666 20447 1578 382 32812 733 304 1595 34444 10991 5006 960 581
63 323 527 22628 449 92505 68175 90 798 5658 26 1005 198 6682 8336 382
567 220 1032 13 27475 2472 271 91 8092 765 15766 9432 91 12730 765 12730
9432 91 1595 34444 14 63 765 578 2363 25 1595 331 17881 14 7964 1595
5200 1238 14 7964 1595 99127 14 7964 1595 71214 14 7964 1595 37009 960 581
63 9432 91 1595 1889 14 37511 50725 14 63 765 34077 12862 34889 12917 4817
320 24819 953 362 11 10278 54057 8 9432 91 1595 1889 66880 14 63 765
22765 13325 477 18709 9432 91 1595 1889 13631 3518 14 63 765 3861 659 96324
10278 824 12735 9432 91 1595 61564 14 10725 10443 16688 22030 63 765 423 660
11 42211 49100 48033 9432 91 1595 61564 14 48899 1392 14 63 765 22293 4920
17303 5219 9432 91 1595 61564 14 63 320 1605 8 765 5629 35535 684 3495
8554 323 29531 7576 9432 91 1595 71371 14 63 765 5629 35535 684 51048 220
16 4235 2970 320 24819 953 362 8 9432 91 1595 1543 355 1250 14 7964
1595 8747 69872 14 7964 1595 99127 14 7964 1595 72260 14 63 765 58846 1176
35535 684 20447 26 10273 555 21351 11 539 19685 9432 91 1595 16402 14 63
765 6433 388 31035 35186 323 6787 11 8822 90679 4113 13006 36821 567 220 975
13 23694 430 656 539 37920 271 12 3146 47662 68063 25524 21349 42635 26 1595
13178 3722 1198 2071 63 1603 1855 13 15037 198 220 18622 3925 11 5457 99743
477 1629 40652 21993 13 15037 4585 7389 198 220 279 3229 17501 304 430 3882
627 12 3146 20357 82 68063 279 12827 706 264 586 8870 13 15037 5379 3552
11654 11 6933 198 220 14564 11 41307 13006 11 11460 477 34816 13 61885 19179
198 220 12035 555 1646 323 6683 11 2646 555 3552 836 627 12 3146 39
36224 88 68063 264 3318 3777 374 539 459 18751 1887 26 264 2218 374 198
220 539 264 28358 4668 26 459 12573 1413 1396 374 539 264 19179 627 12
3146 14704 5976 68063 2646 3783 264 12735 11 1296 11 4745 19179 477 13970 198
220 3335 13 6433 388 31035 3769 11031 311 1595 16402 14 63 449 264 5296
627
