type  batch  union               time us (3 runs)      mean  us/token   GB/s
f16       1    8.0            407.1, 408.2, 400.7     405.4    405.36   62.1
f16       4   29.1         1699.0, 1658.9, 1709.8    1689.2    422.30   54.2
f16       8   51.6         3226.1, 3195.7, 3189.0    3203.6    400.45   50.7
f16      32  111.8         6917.5, 6904.4, 6866.0    6896.0    215.50   51.0
f16      64  125.9         7851.2, 8032.8, 7857.1    7913.7    123.65   50.1
f16     128  128.0         8284.1, 8186.0, 8524.8    8331.6     65.09   48.3
f16     256  128.0         8710.3, 9084.1, 8832.6    8875.7     34.67   45.4
f16     512  128.0         9870.6, 9916.3, 9892.1    9893.0     19.32   40.7
q4_K      1    8.0            102.2, 102.5, 103.1     102.6    102.60   69.0
q4_K      4   29.1            463.0, 468.9, 459.4     463.8    115.95   55.6
q4_K      8   51.6            924.3, 917.2, 917.2     919.5    114.94   49.7
q4_K     32  111.8         6362.5, 6190.3, 6184.2    6245.6    195.18   15.8
q4_K     64  125.9         7043.4, 7093.0, 7040.4    7058.9    110.30   15.8
q4_K    128  128.0         7208.0, 7204.8, 7206.0    7206.3     56.30   15.7
q4_K    256  128.0         7321.8, 7314.0, 7316.6    7317.5     28.58   15.5
q4_K    512  128.0      10596.5, 10594.0, 10888.6   10693.0     20.88   10.6
bytes per expert matrix: {'q4_K': 884736, 'f16': 3145728}
